0.31355 , 3.00781,

0.10583 , 3.02469,

0.21094 , 2.98817,

0.00263 , 3.23391,

0.41667 , 3.14750,

0.31194 , 3.01496,

0.31351 , 2.99324,

6.64515 , 2.98204,

0.10456 , 3.03052,

0.10399 , 3.01110,

0.31180 , 3.00456,

0.20919 , 2.98534,

0.20838 , 3.00933,

0.31312 , 2.99377,

0.20746 , 3.00916,

2.17564 , 3.00396,

0.10575 , 3.03157,

3.59935 , 3.06512,

0.31143 , 3.02677,

0.20755 , 2.99337,

0.00131 , 3.04469,

0.31270 , 3.03515,

0.10442 , 3.01181,

0.31178 , 3.14295,

0.31247 , 3.25253,

0.20968 , 3.23115,

0.20898 , 3.22125,

0.20831 , 3.18726,

0.10516 , 3.05517,

0.10453 , 3.27153,

0.79004 , 3.07291,

0.31485 , 3.08419,

0.31363 , 3.02185,

0.10463 , 2.98217,

0.31180 , 3.04589,

0.31216 , 2.99966,

0.31402 , 3.00169,

0.31208 , 3.02033,

0.31302 , 2.98998,

0.31210 , 3.09118,

0.31205 , 3.10019,

0.10445 , 3.09859,

0.43490 , 3.14172,

0.20821 , 3.08692,

0.10536 , 3.02227,

0.31295 , 3.00422,

2.78484 , 3.14568,

0.73517 , 3.25732,

0.20832 , 3.24673,

0.41699 , 3.28047,
0.31240 ; 3.23434

34.34857 ; 3.26560

0.31270 ; 3.21424

0.31271 ; 3.13963

0.41875 ; 3.08969


